   1.7603762e+00   3.9703994e+00
   3.5935051e+00  -4.4034617e-01
  -2.1944919e+00  -2.8873910e-01
   2.2192972e+00  -6.8702279e-02
   1.4508021e+00   2.1609150e+00
  -8.4935052e-01  -1.7750060e+00
   3.8680828e-01   2.2035787e+00
   1.4845442e+00   3.5211423e+00
   6.0606175e+00   8.8067013e+00
   4.9165754e+00   2.3599588e+00
  -9.0902842e-01  -6.5453678e+00
   5.2920299e+00   5.5822865e-01
   2.0258765e+00   5.6880784e+00
   9.1082694e-01  -2.3491911e+00
   2.0107991e+00   4.4672583e+00
   7.1013422e-01   1.2374143e+00
   8.2443338e-01   5.3404131e+00
   3.1067506e+00  -3.9905244e+00
   2.9926757e+00   1.3869910e+00
   3.0042127e+00  -1.7207234e+00
   1.9496404e+00   1.0437903e+01
  -7.0764438e-01   2.6896733e+00
   2.0143286e+00   5.7574414e+00
   3.3055009e+00  -1.1087802e+00
   1.6914002e+00  -9.8670125e-02
   2.4632769e+00   8.9183132e-01
   2.0279708e+00   4.8995575e+00
   5.7086973e-01  -7.1023952e-02
   1.4155970e+00   3.3700945e+00
  -1.1338602e-01  -5.8808156e+00
   2.2563812e+00   5.3755163e-01
  -6.2220210e-01  -2.3495652e+00
  -5.1161110e-01  -4.6166217e+00
  -1.4480403e-01   1.9932810e+00
  -3.1638466e+00  -2.1279004e-01
   3.0341769e+00   2.1202804e+00
   1.4598889e+00  -2.8807271e+00
  -6.7629868e-02   3.9413497e+00
   2.9378948e+00   3.0482728e+00
  -1.4204497e+00  -1.1320083e+00
   8.5540735e-01   9.9825475e-01
   6.5854232e-01   2.1746996e-02
   1.4514265e+00  -4.1688036e+00
   1.4424489e+00   3.4078901e-01
  -2.2312491e-01  -2.1740061e+00
   9.5750105e-01  -2.0393660e+00
   7.6682585e-01  -2.6808564e+00
   1.8877122e+00  -2.0067738e-01
   2.5461111e+00  -4.3994823e+00
   2.5687493e+00   4.7563293e+00
  -2.2138953e-01   1.9922381e+00
   1.1094023e+00   9.9297115e-01
  -7.1702079e-01   3.4317920e-02
  -5.7472785e-01  -2.2474693e+00
   9.9031359e-01   4.1349557e+00
   3.1674666e+00   1.6731294e+00
  -8.8471974e-02  -1.7465659e+00
   1.5252090e+00   5.4278552e+00
   6.8097548e-01   1.4769682e-01
   2.5801802e+00  -2.5419300e-02
  -5.4016950e-01  -6.7549414e-01
   1.0460432e+00  -1.5904626e+00
   1.7813912e+00  -2.0617717e+00
   2.5564979e+00   9.5639029e+00
   3.1838454e+00   7.1945090e+00
   1.1215250e+00   2.0086495e+00
  -1.1094272e+00  -3.9294126e+00
  -4.9773326e-02  -2.1924383e+00
  -5.0130328e-01  -2.9476633e-01
   4.3240485e+00   5.1013324e+00
   1.2940747e-01  -3.5408096e+00
   2.0579403e+00  -5.6521627e+00
   7.2787913e-01  -3.6024783e+00
   2.2566849e+00   2.6562919e+00
  -8.1660164e-02   1.6654027e+00
  -9.8310779e-01   1.4006156e+00
  -1.0115433e+00  -4.0733593e-01
   1.6904104e+00   1.9113730e+00
   7.4915365e-01  -5.9302534e-01
   7.2273850e-01   3.5182983e+00
   3.0072077e+00  -2.1934204e+00
   1.4123626e+00   2.6086766e+00
   1.2797471e+00  -1.4760245e+00
   3.2453456e+00   1.0904819e+00
  -1.3768667e-01   2.1349494e+00
   1.9851757e+00   4.6952803e+00
   2.1809930e+00  -1.8542973e+00
   6.5533474e-01   4.7132785e+00
   1.3050036e+00   3.1871996e+00
  -6.4875230e-01  -3.3551834e-02
  -6.2345039e-01  -4.1343734e-01
   1.1483152e+00   4.0344981e-01
   2.0214214e+00   5.7647029e-01
   4.6564368e+00   2.8992498e+00
   5.6874169e-02   6.8652458e-01
   1.2649261e+00   3.6785596e+00
   8.8333526e-01   5.6481259e+00
  -1.7337072e+00   1.0722733e+00
   3.7920811e-01   4.3224136e-02
  -1.5380592e+00   1.6579365e+00
   8.3664545e+00   4.9262601e+00
   5.9404649e+00   5.3027970e+00
   9.8984437e+00   4.6174012e+00
   8.6141238e+00   4.9978459e+00
   8.2703499e+00   5.1242074e+00
   9.0304927e+00   4.5878290e+00
   8.5228126e+00   4.9697807e+00
   6.1170285e+00   5.4932452e+00
   7.6753247e+00   5.2658837e+00
   7.7078907e+00   5.1929157e+00
   6.9359772e+00   5.4667796e+00
   1.1364207e+01   4.1294460e+00
   6.2485413e+00   5.4049494e+00
   7.0323699e+00   5.4672525e+00
   6.5759909e+00   4.8811385e+00
   5.6515753e+00   5.4742772e+00
   7.6155210e+00   4.8120062e+00
   7.4518595e+00   5.0514866e+00
   1.1060145e+01   4.3800128e+00
   7.5019505e+00   5.3091506e+00
   5.8715732e+00   5.3051584e+00
   1.1206915e+01   4.0929369e+00
   1.0469358e+01   4.4133001e+00
   7.5407471e+00   5.0495506e+00
   4.9876806e+00   5.8205685e+00
   7.1107444e+00   5.3117412e+00
   7.6881179e+00   4.8700248e+00
   8.5521365e+00   4.8224254e+00
   7.4776727e+00   4.6538310e+00
   8.8868438e+00   5.0343997e+00
   8.7837884e+00   4.6633839e+00
   5.4986422e+00   5.3561504e+00
   6.1040782e+00   5.4171967e+00
   6.5177878e+00   5.0510979e+00
   6.9843649e+00   5.2492449e+00
   7.3588490e+00   5.0349192e+00
   8.0249381e+00   5.4807316e+00
   1.9416453e+00   6.7691573e+00
   7.0859707e+00   4.6701865e+00
   1.0484897e+01   4.4774595e+00
   5.8665972e+00   5.2207176e+00
   9.8674563e+00   4.4761038e+00
   8.7006420e+00   4.8616014e+00
   7.9419885e+00   5.1817013e+00
   8.3649043e+00   4.8477188e+00
   4.8698880e+00   6.1349994e+00
   7.8309210e+00   4.9347289e+00
   1.1207893e+01   4.2712608e+00
   8.1966955e+00   5.0994652e+00
   8.0827472e+00   4.9983619e+00
   6.5316618e+00   5.5640716e+00
   7.9383725e+00   5.0876795e+00
   8.4646940e+00   4.7084861e+00
   8.8527751e+00   4.3831125e+00
   7.2543825e+00   5.6019984e+00
   7.5270908e+00   4.9830503e+00
   1.2047382e+01   4.0112665e+00
   3.4832921e+00   6.2551049e+00
   1.2458891e+01   3.9106782e+00
   8.6751274e+00   4.6289152e+00
   1.0000122e+01   4.3953854e+00
   4.6716711e+00   5.8041560e+00
   6.8199309e+00   5.6257225e+00
   7.4438717e+00   4.9465478e+00
   8.8454314e+00   4.9640994e+00
   4.6595986e+00   5.9041106e+00
   8.9432687e+00   4.7118901e+00
   5.5743056e+00   5.3700773e+00
   8.1323801e+00   4.9033691e+00
   9.3047118e+00   4.6544375e+00
   8.6541199e+00   4.5079033e+00
   1.0165267e+01   4.5016565e+00
   1.0012154e+01   4.3130911e+00
   6.6981845e+00   5.3043810e+00
   8.5141123e+00   4.9466515e+00
   6.1112444e+00   5.2699021e+00
   5.3564230e+00   5.5964382e+00
   9.8496519e+00   4.6158634e+00
   8.0000997e+00   4.5894645e+00
   7.8901622e+00   5.2591107e+00
   9.8222545e+00   5.0865624e+00
   9.1891674e+00   4.9172366e+00
   8.7004023e+00   4.7542906e+00
   1.0500502e+01   4.4707173e+00
   9.8595789e+00   4.3034520e+00
   8.4795265e+00   5.3000219e+00
   6.6192778e+00   5.5555285e+00
   6.6968927e+00   5.5018327e+00
   1.0384204e+01   4.2080976e+00
   4.7763392e+00   5.8774580e+00
   7.9510761e+00   4.8873926e+00
   4.1023056e+00   5.9047859e+00
   1.0040996e+01   4.3622929e+00
   9.7234326e+00   4.3397808e+00
   8.0023242e+00   4.7962173e+00
   7.8583256e+00   4.9884841e+00
   3.0274322e+00   5.8632644e+00
   9.1623446e+00   4.8452775e+00
   3.6151302e+00   6.0698770e+00
   3.3614394e+00   6.3159772e+00
